train_mean= -3.1005121477162296
train_std= 2.0931452287261534