train_mean= -2.6829379760609355
train_std= 2.03628684761712