train_mean= -4.119206349206349
train_std= 1.1022867889434969